H C O Zr                                
   1.0000000000000000     
    18.9724117389075140    0.0000000000000000    0.0000000000000000
     9.4862058694537570   16.4305905368995937    0.0000000000002238
     9.4862058694537570    5.4768635122670624   15.4909093167714627
   H    C    O    Zr
    52    84    32     6
Direct
  0.2923609392838529  0.6537003374723795  0.1351961245918289
  0.6537003374723795  0.2923609392838529  0.9187426146519471
  0.1351961245918289  0.9187426146519471  0.2923609392838529
  0.9187426146519471  0.1351961245918289  0.6537003374723795
  0.1351961245918289  0.2923609392838529  0.6537003374723795
  0.9187426146519471  0.6537003374723795  0.2923609392838529
  0.2923609392838529  0.1351961245918289  0.9187426146519471
  0.6537003374723795  0.9187426146519471  0.1351961245918289
  0.6537003374723795  0.1351961245918289  0.2923609392838529
  0.2923609392838529  0.9187426146519471  0.6537003374723795
  0.9187426146519471  0.2923609392838529  0.1351961245918289
  0.1351961245918289  0.6537003374723795  0.9187426146519471
  0.4201338759832822  0.5182431556126303  0.1394392941417877
  0.5182431556126303  0.4201338759832822  0.9221836592623163
  0.1394392941417877  0.9221836592623163  0.4201338759832822
  0.9221836592623163  0.1394392941417877  0.5182431556126303
  0.1394392941417877  0.4201338759832822  0.5182431556126303
  0.9221836592623163  0.5182431556126303  0.4201338759832822
  0.4201338759832822  0.1394392941417877  0.9221836592623163
  0.5182431556126303  0.9221836592623163  0.1394392941417877
  0.5182431556126303  0.1394392941417877  0.4201338759832822
  0.4201338759832822  0.9221836592623163  0.5182431556126303
  0.9221836592623163  0.4201338759832822  0.1394392941417877
  0.1394392941417877  0.5182431556126303  0.9221836592623163
  0.8752134464723298  0.6934357434321754  0.0950529685417010
  0.6934357434321754  0.8752134464723298  0.3362978565537915
  0.0950529685417010  0.3362978565537915  0.8752134464723298
  0.3362978565537915  0.0950529685417010  0.6934357434321754
  0.0950529685417010  0.8752134464723298  0.6934357434321754
  0.3362978565537915  0.6934357434321754  0.8752134464723298
  0.8752134464723298  0.0950529685417010  0.3362978565537915
  0.6934357434321754  0.3362978565537915  0.0950529685417010
  0.6934357434321754  0.0950529685417010  0.8752134464723298
  0.8752134464723298  0.3362978565537915  0.6934357434321754
  0.3362978565537915  0.8752134464723298  0.0950529685417010
  0.0950529685417010  0.6934357434321754  0.3362978565537915
  0.8758856638042474  0.5616376681564574  0.0946395168813936
  0.5616376681564574  0.8758856638042474  0.4678371441578904
  0.0946395168813936  0.4678371441578904  0.8758856638042474
  0.4678371441578904  0.0946395168813936  0.5616376681564574
  0.0946395168813936  0.8758856638042474  0.5616376681564574
  0.4678371441578904  0.5616376681564574  0.8758856638042474
  0.8758856638042474  0.0946395168813936  0.4678371441578904
  0.5616376681564574  0.4678371441578904  0.0946395168813936
  0.5616376681564574  0.0946395168813936  0.8758856638042474
  0.8758856638042474  0.4678371441578904  0.5616376681564574
  0.4678371441578904  0.8758856638042474  0.0946395168813936
  0.0946395168813936  0.5616376681564574  0.4678371441578904
  0.9271310942983604  0.9271309752983612  0.2186070591049258
  0.9271309752983612  0.9271310942983604  0.9271308562983620
  0.2186070591049258  0.9271308562983620  0.9271310942983604
  0.9271308562983620  0.2186070591049258  0.9271309752983612
  0.3315759773562306  0.6321348233545336  0.0789897772056065
  0.6321348233545336  0.3315759773562306  0.9572994070836316
  0.0789897772056065  0.9572994070836316  0.3315759773562306
  0.9572994070836316  0.0789897772056065  0.6321348233545336
  0.0789897772056065  0.3315759773562306  0.6321348233545336
  0.9572994070836316  0.6321348233545336  0.3315759773562306
  0.3315759773562306  0.0789897772056065  0.9572994070836316
  0.6321348233545336  0.9572994070836316  0.0789897772056065
  0.6321348233545336  0.0789897772056065  0.3315759773562306
  0.3315759773562306  0.9572994070836316  0.6321348233545336
  0.9572994070836316  0.3315759773562306  0.0789897772056065
  0.0789897772056065  0.6321348233545336  0.9572994070836316
  0.4031124683802574  0.5575469192497451  0.0804824109628086
  0.5575469192497451  0.4031124683802574  0.9588582314071914
  0.0804824109628086  0.9588582314071914  0.4031124683802574
  0.9588582314071914  0.0804824109628086  0.5575469192497451
  0.0804824109628086  0.4031124683802574  0.5575469192497451
  0.9588582314071914  0.5575469192497451  0.4031124683802574
  0.4031124683802574  0.0804824109628086  0.9588582314071914
  0.5575469192497451  0.9588582314071914  0.0804824109628086
  0.5575469192497451  0.0804824109628086  0.4031124683802574
  0.4031124683802574  0.9588582314071914  0.5575469192497451
  0.9588582314071914  0.4031124683802574  0.0804824109628086
  0.0804824109628086  0.5575469192497451  0.9588582314071914
  0.2318559948449632  0.7614420370800659  0.0026473758393735
  0.7614420370800659  0.2318559948449632  0.0040545922356046
  0.0026473758393735  0.0040545922356046  0.2318559948449632
  0.0040545922356046  0.0026473758393735  0.7614420370800659
  0.0026473758393735  0.2318559948449632  0.7614420370800659
  0.0040545922356046  0.7614420370800659  0.2318559948449632
  0.2318559948449632  0.0026473758393735  0.0040545922356046
  0.7614420370800659  0.0040545922356046  0.0026473758393735
  0.7614420370800659  0.0026473758393735  0.2318559948449632
  0.2318559948449632  0.0040545922356046  0.7614420370800659
  0.0040545922356046  0.2318559948449632  0.0026473758393735
  0.0026473758393735  0.7614420370800659  0.0040545922356046
  0.3075640494614049  0.6809252364078020  0.0049627582390954
  0.6809252364078020  0.3075640494614049  0.0065479558916905
  0.0049627582390954  0.0065479558916905  0.3075640494614049
  0.0065479558916905  0.0049627582390954  0.6809252364078020
  0.0049627582390954  0.3075640494614049  0.6809252364078020
  0.0065479558916905  0.6809252364078020  0.3075640494614049
  0.3075640494614049  0.0049627582390954  0.0065479558916905
  0.6809252364078020  0.0065479558916905  0.0049627582390954
  0.6809252364078020  0.0049627582390954  0.3075640494614049
  0.3075640494614049  0.0065479558916905  0.6809252364078020
  0.0065479558916905  0.3075640494614049  0.0049627582390954
  0.0049627582390954  0.6809252364078020  0.0065479558916905
  0.4532565866522233  0.5307411551330787  0.0077280770178447
  0.5307411551330787  0.4532565866522233  0.0082741811968603
  0.0077280770178447  0.0082741811968603  0.4532565866522233
  0.0082741811968603  0.0077280770178447  0.5307411551330787
  0.0077280770178447  0.4532565866522233  0.5307411551330787
  0.0082741811968603  0.5307411551330787  0.4532565866522233
  0.4532565866522233  0.0077280770178447  0.0082741811968603
  0.5307411551330787  0.0082741811968603  0.0077280770178447
  0.5307411551330787  0.0077280770178447  0.4532565866522233
  0.4532565866522233  0.0082741811968603  0.5307411551330787
  0.0082741811968603  0.4532565866522233  0.0077280770178447
  0.0077280770178447  0.5307411551330787  0.0082741811968603
  0.9326106553398859  0.6541755250003689  0.0572797756002785
  0.6541755250003689  0.9326106553398859  0.3559340510594637
  0.0572797756002785  0.3559340510594637  0.9326106553398859
  0.3559340510594637  0.0572797756002785  0.6541755250003689
  0.0572797756002785  0.9326106553398859  0.6541755250003689
  0.3559340510594637  0.6541755250003689  0.9326106553398859
  0.9326106553398859  0.0572797756002785  0.3559340510594637
  0.6541755250003689  0.3559340510594637  0.0572797756002785
  0.6541755250003689  0.0572797756002785  0.9326106553398859
  0.9326106553398859  0.3559340510594637  0.6541755250003689
  0.3559340510594637  0.9326106553398859  0.0572797756002785
  0.0572797756002785  0.6541755250003689  0.3559340510594637
  0.9338443218946111  0.5803897481757332  0.0574563445302090
  0.5803897481757332  0.9338443218946111  0.4283095813994606
  0.0574563445302090  0.4283095813994606  0.9338443218946111
  0.4283095813994606  0.0574563445302090  0.5803897481757332
  0.0574563445302090  0.9338443218946111  0.5803897481757332
  0.4283095813994606  0.5803897481757332  0.9338443218946111
  0.9338443218946111  0.0574563445302090  0.4283095813994606
  0.5803897481757332  0.4283095813994606  0.0574563445302090
  0.5803897481757332  0.0574563445302090  0.9338443218946111
  0.9338443218946111  0.4283095813994606  0.5803897481757332
  0.4283095813994606  0.9338443218946111  0.0574563445302090
  0.0574563445302090  0.5803897481757332  0.4283095813994606
  0.2011964831129092  0.7919635455844301  0.0625170616964823
  0.7919635455844301  0.2011964831129092  0.9443229246061762
  0.0625170616964823  0.9443229246061762  0.2011964831129092
  0.9443229246061762  0.0625170616964823  0.7919635455844301
  0.0625170616964823  0.2011964831129092  0.7919635455844301
  0.9443229246061762  0.7919635455844301  0.2011964831129092
  0.2011964831129092  0.0625170616964823  0.9443229246061762
  0.7919635455844301  0.9443229246061762  0.0625170616964823
  0.7919635455844301  0.0625170616964823  0.2011964831129092
  0.2011964831129092  0.9443229246061762  0.7919635455844301
  0.9443229246061762  0.2011964831129092  0.0625170616964823
  0.0625170616964823  0.7919635455844301  0.9443229246061762
  0.9400680503931866  0.7946399797148018  0.0611498989613111
  0.7946399797148018  0.9400680503931866  0.2041420639306963
  0.0611498989613111  0.2041420639306963  0.9400680503931866
  0.2041420639306963  0.0611498989613111  0.7946399797148018
  0.0611498989613111  0.9400680503931866  0.7946399797148018
  0.2041420639306963  0.7946399797148018  0.9400680503931866
  0.9400680503931866  0.0611498989613111  0.2041420639306963
  0.7946399797148018  0.2041420639306963  0.0611498989613111
  0.7946399797148018  0.0611498989613111  0.9400680503931866
  0.9400680503931866  0.2041420639306963  0.7946399797148018
  0.2041420639306963  0.9400680503931866  0.0611498989613111
  0.0611498989613111  0.7946399797148018  0.2041420639306963
  0.1557721485171584  0.9480759104942749  0.9480759104942749
  0.9480759104942749  0.1557721485171584  0.9480760304942777
  0.9480759104942749  0.9480760304942777  0.1557721485171584
  0.9480760304942777  0.9480759104942749  0.9480759104942749
  0.8831442048375706  0.0389519203874684  0.0389519203874684
  0.0389519203874684  0.8831442048375706  0.0389519243874688
  0.0389519203874684  0.0389519243874688  0.8831442048375706
  0.0389519243874688  0.0389519203874684  0.0389519203874684
  0.0929327016538934  0.0929327316538959  0.9070672383461087
  0.9070672383461087  0.9070672983461066  0.0929327016538934
  0.9070672383461087  0.0929327016538934  0.0929327316538959
  0.0929327016538934  0.9070672383461087  0.9070672983461066
  0.0929327316538959  0.9070672383461087  0.0929327016538934
  0.9070672983461066  0.0929327016538934  0.9070672383461087

  0.00000000E+00  0.00000000E+00  0.00000000E+00
  0.00000000E+00  0.00000000E+00  0.00000000E+00
  0.00000000E+00  0.00000000E+00  0.00000000E+00
  0.00000000E+00  0.00000000E+00  0.00000000E+00
  0.00000000E+00  0.00000000E+00  0.00000000E+00
  0.00000000E+00  0.00000000E+00  0.00000000E+00
  0.00000000E+00  0.00000000E+00  0.00000000E+00
  0.00000000E+00  0.00000000E+00  0.00000000E+00
  0.00000000E+00  0.00000000E+00  0.00000000E+00
  0.00000000E+00  0.00000000E+00  0.00000000E+00
  0.00000000E+00  0.00000000E+00  0.00000000E+00
  0.00000000E+00  0.00000000E+00  0.00000000E+00
  0.00000000E+00  0.00000000E+00  0.00000000E+00
  0.00000000E+00  0.00000000E+00  0.00000000E+00
  0.00000000E+00  0.00000000E+00  0.00000000E+00
  0.00000000E+00  0.00000000E+00  0.00000000E+00
  0.00000000E+00  0.00000000E+00  0.00000000E+00
  0.00000000E+00  0.00000000E+00  0.00000000E+00
  0.00000000E+00  0.00000000E+00  0.00000000E+00
  0.00000000E+00  0.00000000E+00  0.00000000E+00
  0.00000000E+00  0.00000000E+00  0.00000000E+00
  0.00000000E+00  0.00000000E+00  0.00000000E+00
  0.00000000E+00  0.00000000E+00  0.00000000E+00
  0.00000000E+00  0.00000000E+00  0.00000000E+00
  0.00000000E+00  0.00000000E+00  0.00000000E+00
  0.00000000E+00  0.00000000E+00  0.00000000E+00
  0.00000000E+00  0.00000000E+00  0.00000000E+00
  0.00000000E+00  0.00000000E+00  0.00000000E+00
  0.00000000E+00  0.00000000E+00  0.00000000E+00
  0.00000000E+00  0.00000000E+00  0.00000000E+00
  0.00000000E+00  0.00000000E+00  0.00000000E+00
  0.00000000E+00  0.00000000E+00  0.00000000E+00
  0.00000000E+00  0.00000000E+00  0.00000000E+00
  0.00000000E+00  0.00000000E+00  0.00000000E+00
  0.00000000E+00  0.00000000E+00  0.00000000E+00
  0.00000000E+00  0.00000000E+00  0.00000000E+00
  0.00000000E+00  0.00000000E+00  0.00000000E+00
  0.00000000E+00  0.00000000E+00  0.00000000E+00
  0.00000000E+00  0.00000000E+00  0.00000000E+00
  0.00000000E+00  0.00000000E+00  0.00000000E+00
  0.00000000E+00  0.00000000E+00  0.00000000E+00
  0.00000000E+00  0.00000000E+00  0.00000000E+00
  0.00000000E+00  0.00000000E+00  0.00000000E+00
  0.00000000E+00  0.00000000E+00  0.00000000E+00
  0.00000000E+00  0.00000000E+00  0.00000000E+00
  0.00000000E+00  0.00000000E+00  0.00000000E+00
  0.00000000E+00  0.00000000E+00  0.00000000E+00
  0.00000000E+00  0.00000000E+00  0.00000000E+00
  0.00000000E+00  0.00000000E+00  0.00000000E+00
  0.00000000E+00  0.00000000E+00  0.00000000E+00
  0.00000000E+00  0.00000000E+00  0.00000000E+00
  0.00000000E+00  0.00000000E+00  0.00000000E+00
  0.00000000E+00  0.00000000E+00  0.00000000E+00
  0.00000000E+00  0.00000000E+00  0.00000000E+00
  0.00000000E+00  0.00000000E+00  0.00000000E+00
  0.00000000E+00  0.00000000E+00  0.00000000E+00
  0.00000000E+00  0.00000000E+00  0.00000000E+00
  0.00000000E+00  0.00000000E+00  0.00000000E+00
  0.00000000E+00  0.00000000E+00  0.00000000E+00
  0.00000000E+00  0.00000000E+00  0.00000000E+00
  0.00000000E+00  0.00000000E+00  0.00000000E+00
  0.00000000E+00  0.00000000E+00  0.00000000E+00
  0.00000000E+00  0.00000000E+00  0.00000000E+00
  0.00000000E+00  0.00000000E+00  0.00000000E+00
  0.00000000E+00  0.00000000E+00  0.00000000E+00
  0.00000000E+00  0.00000000E+00  0.00000000E+00
  0.00000000E+00  0.00000000E+00  0.00000000E+00
  0.00000000E+00  0.00000000E+00  0.00000000E+00
  0.00000000E+00  0.00000000E+00  0.00000000E+00
  0.00000000E+00  0.00000000E+00  0.00000000E+00
  0.00000000E+00  0.00000000E+00  0.00000000E+00
  0.00000000E+00  0.00000000E+00  0.00000000E+00
  0.00000000E+00  0.00000000E+00  0.00000000E+00
  0.00000000E+00  0.00000000E+00  0.00000000E+00
  0.00000000E+00  0.00000000E+00  0.00000000E+00
  0.00000000E+00  0.00000000E+00  0.00000000E+00
  0.00000000E+00  0.00000000E+00  0.00000000E+00
  0.00000000E+00  0.00000000E+00  0.00000000E+00
  0.00000000E+00  0.00000000E+00  0.00000000E+00
  0.00000000E+00  0.00000000E+00  0.00000000E+00
  0.00000000E+00  0.00000000E+00  0.00000000E+00
  0.00000000E+00  0.00000000E+00  0.00000000E+00
  0.00000000E+00  0.00000000E+00  0.00000000E+00
  0.00000000E+00  0.00000000E+00  0.00000000E+00
  0.00000000E+00  0.00000000E+00  0.00000000E+00
  0.00000000E+00  0.00000000E+00  0.00000000E+00
  0.00000000E+00  0.00000000E+00  0.00000000E+00
  0.00000000E+00  0.00000000E+00  0.00000000E+00
  0.00000000E+00  0.00000000E+00  0.00000000E+00
  0.00000000E+00  0.00000000E+00  0.00000000E+00
  0.00000000E+00  0.00000000E+00  0.00000000E+00
  0.00000000E+00  0.00000000E+00  0.00000000E+00
  0.00000000E+00  0.00000000E+00  0.00000000E+00
  0.00000000E+00  0.00000000E+00  0.00000000E+00
  0.00000000E+00  0.00000000E+00  0.00000000E+00
  0.00000000E+00  0.00000000E+00  0.00000000E+00
  0.00000000E+00  0.00000000E+00  0.00000000E+00
  0.00000000E+00  0.00000000E+00  0.00000000E+00
  0.00000000E+00  0.00000000E+00  0.00000000E+00
  0.00000000E+00  0.00000000E+00  0.00000000E+00
  0.00000000E+00  0.00000000E+00  0.00000000E+00
  0.00000000E+00  0.00000000E+00  0.00000000E+00
  0.00000000E+00  0.00000000E+00  0.00000000E+00
  0.00000000E+00  0.00000000E+00  0.00000000E+00
  0.00000000E+00  0.00000000E+00  0.00000000E+00
  0.00000000E+00  0.00000000E+00  0.00000000E+00
  0.00000000E+00  0.00000000E+00  0.00000000E+00
  0.00000000E+00  0.00000000E+00  0.00000000E+00
  0.00000000E+00  0.00000000E+00  0.00000000E+00
  0.00000000E+00  0.00000000E+00  0.00000000E+00
  0.00000000E+00  0.00000000E+00  0.00000000E+00
  0.00000000E+00  0.00000000E+00  0.00000000E+00
  0.00000000E+00  0.00000000E+00  0.00000000E+00
  0.00000000E+00  0.00000000E+00  0.00000000E+00
  0.00000000E+00  0.00000000E+00  0.00000000E+00
  0.00000000E+00  0.00000000E+00  0.00000000E+00
  0.00000000E+00  0.00000000E+00  0.00000000E+00
  0.00000000E+00  0.00000000E+00  0.00000000E+00
  0.00000000E+00  0.00000000E+00  0.00000000E+00
  0.00000000E+00  0.00000000E+00  0.00000000E+00
  0.00000000E+00  0.00000000E+00  0.00000000E+00
  0.00000000E+00  0.00000000E+00  0.00000000E+00
  0.00000000E+00  0.00000000E+00  0.00000000E+00
  0.00000000E+00  0.00000000E+00  0.00000000E+00
  0.00000000E+00  0.00000000E+00  0.00000000E+00
  0.00000000E+00  0.00000000E+00  0.00000000E+00
  0.00000000E+00  0.00000000E+00  0.00000000E+00
  0.00000000E+00  0.00000000E+00  0.00000000E+00
  0.00000000E+00  0.00000000E+00  0.00000000E+00
  0.00000000E+00  0.00000000E+00  0.00000000E+00
  0.00000000E+00  0.00000000E+00  0.00000000E+00
  0.00000000E+00  0.00000000E+00  0.00000000E+00
  0.00000000E+00  0.00000000E+00  0.00000000E+00
  0.00000000E+00  0.00000000E+00  0.00000000E+00
  0.00000000E+00  0.00000000E+00  0.00000000E+00
  0.00000000E+00  0.00000000E+00  0.00000000E+00
  0.00000000E+00  0.00000000E+00  0.00000000E+00
  0.00000000E+00  0.00000000E+00  0.00000000E+00
  0.00000000E+00  0.00000000E+00  0.00000000E+00
  0.00000000E+00  0.00000000E+00  0.00000000E+00
  0.00000000E+00  0.00000000E+00  0.00000000E+00
  0.00000000E+00  0.00000000E+00  0.00000000E+00
  0.00000000E+00  0.00000000E+00  0.00000000E+00
  0.00000000E+00  0.00000000E+00  0.00000000E+00
  0.00000000E+00  0.00000000E+00  0.00000000E+00
  0.00000000E+00  0.00000000E+00  0.00000000E+00
  0.00000000E+00  0.00000000E+00  0.00000000E+00
  0.00000000E+00  0.00000000E+00  0.00000000E+00
  0.00000000E+00  0.00000000E+00  0.00000000E+00
  0.00000000E+00  0.00000000E+00  0.00000000E+00
  0.00000000E+00  0.00000000E+00  0.00000000E+00
  0.00000000E+00  0.00000000E+00  0.00000000E+00
  0.00000000E+00  0.00000000E+00  0.00000000E+00
  0.00000000E+00  0.00000000E+00  0.00000000E+00
  0.00000000E+00  0.00000000E+00  0.00000000E+00
  0.00000000E+00  0.00000000E+00  0.00000000E+00
  0.00000000E+00  0.00000000E+00  0.00000000E+00
  0.00000000E+00  0.00000000E+00  0.00000000E+00
  0.00000000E+00  0.00000000E+00  0.00000000E+00
  0.00000000E+00  0.00000000E+00  0.00000000E+00
  0.00000000E+00  0.00000000E+00  0.00000000E+00
  0.00000000E+00  0.00000000E+00  0.00000000E+00
  0.00000000E+00  0.00000000E+00  0.00000000E+00
  0.00000000E+00  0.00000000E+00  0.00000000E+00
  0.00000000E+00  0.00000000E+00  0.00000000E+00
  0.00000000E+00  0.00000000E+00  0.00000000E+00
  0.00000000E+00  0.00000000E+00  0.00000000E+00
  0.00000000E+00  0.00000000E+00  0.00000000E+00
  0.00000000E+00  0.00000000E+00  0.00000000E+00
  0.00000000E+00  0.00000000E+00  0.00000000E+00
  0.00000000E+00  0.00000000E+00  0.00000000E+00
  0.00000000E+00  0.00000000E+00  0.00000000E+00
  0.00000000E+00  0.00000000E+00  0.00000000E+00
  0.00000000E+00  0.00000000E+00  0.00000000E+00
